GENE_1 11669 0.983097 2769.8 243.238 SNP_1 1 0.000131688 0.227723 0.230213 0.0442792 0.000133984
GENE_2 11765 0.961334 1114.11 190.131 SNP_2 2 1.73886e-05 0.118812 0.11838 0.0373185 0.000319721
GENE_3 11765 1.00169 6708.47 266.619 SNP_3 3 0.000362147 0.594059 0.592023 0.0785816 5.72298e-05
GENE_4 11820 1.13176 1763.4 202.094 SNP_4 4 7.66033e-06 0.029703 0.0326915 0.0164892 0.000269696
GENE_5 11820 1.00128 1160.4 193.937 SNP_5 5 5.7392e-05 0.267327 0.245806 0.0442792 0.000330566
GENE_6 11820 1.21959 2208.69 209.072 SNP_6 6 6.77122e-05 0.178218 0.203753 0.0428212 0.000244197
GENE_7 11820 1.12319 2265.27 218.406 SNP_7 7 6.43224e-05 0.168317 0.169921 0.0394462 0.000207239
GENE_8 11820 1.3463 1833.09 204.087 SNP_8 8 1.55721e-05 0.019802 0.0325512 0.0164892 0.00034556
GENE_9 11820 1.11841 6339.74 245.956 SNP_9 9 1.17403e-06 0.00990099 0.00182291 0.00153243 7.35153e-05
GENE_10 11812 0.946581 2618.11 226.97 SNP_10 10 0.000177612 0.485149 0.458103 0.0641839 0.000132241
GENE_11 11812 1.07925 6890.96 251.212 SNP_11 11 6.5062e-05 0.207921 0.171906 0.0394462 6.3589e-05
GENE_12 11812 1.08821 6573.12 252.481 SNP_12 12 1.99621e-05 0.0594059 0.0417475 0.0175475 6.76301e-05
GENE_13 11809 0.845676 5106.97 250.759 SNP_13 13 0.000101795 0.277228 0.318029 0.0534701 5.4712e-05
GENE_14 11809 0.961258 1219.66 201.912 SNP_14 14 0.00072751 0.881188 0.876896 0.110574 0.000292013
GENE_15 11727 1.06994 1009.11 193.031 SNP_15 15 2.40346e-05 0.0990099 0.0930993 0.0335416 0.000427619
GENE_16 12110 0.878539 1636.91 214.238 SNP_16 16 0.000125028 0.376238 0.374325 0.0590017 0.000183774
GENE_17 12110 1.08914 3698.44 232.906 SNP_17 17 8.44638e-11 0.00990099 7.89533e-08 1.99116e-07 0.000120371
GENE_18 12110 0.965153 4126.03 243.94 SNP_18 18 6.28367e-05 0.217822 0.172053 0.0394462 8.69704e-05
GENE_19 12110 0.940912 2526.14 225.203 SNP_19 19 0.000151148 0.415842 0.411378 0.0610278 0.000135538
GENE_20 12110 0.848171 3351.97 234.809 SNP_20 20 3.4641e-08 0.00990099 0.000433469 0.000546593 8.38387e-05
